X1,X2,val_esp
-2.11,-2.89,4.986611081590646
-3.74,-2.68,-3.026231256859753
-3.66,-1.75,-0.5299227138426785
0.58,-4.69,-0.07361203279373507
2.88,-1.82,-0.3827033256573441
0.14,-2.31,-0.564060872913313
-0.41,-3.36,2.33483925221853
0.5,-2.01,-1.2231646631509052
-1.64,4.43,1.6679028995873277
-1.47,1.67,0.5912300336357224
4.0,-4.57,0.6443794276442516
4.07,4.85,-0.6589989416040293
2.94,3.38,-1.1673992629205192
-0.26,-4.54,0.26459204465830616
3.37,2.37,0.9738166212314032
-3.11,-0.32,-0.17990326416578373
-3.53,-3.9,-1.6495281659612977
2.43,4.37,-1.3155049886507761
-1.39,4.47,1.4166616971727646
4.42,-3.96,3.9262835450422253
-0.48,3.02,2.7502183744149677
4.4,1.63,0.337832593731279
0.24,2.59,-1.214695099221964
1.28,-1.49,0.4639198420742064
-0.26,3.13,1.542379665642765
-1.73,-4.35,2.1001553195039047
0.22,-4.03,-0.8257575439008606
-2.89,-0.88,-0.9517003798401542
-3.87,-3.62,-3.545672223045507
-1.17,-1.17,-2.1553943792073786
3.97,2.33,3.0432608454105714
3.02,3.67,-0.6285012195981273
-2.16,0.1,-4.9633800385083
-3.32,4.46,-0.2658933323231476
-0.17,-4.33,0.3787701501885678
3.13,0.78,0.049447138723118095
-3.35,3.7,-1.0528414124229377
-2.01,0.01,-5.430271855044927
-0.66,-3.97,2.486986521954201
1.8,4.34,-2.125958321900884
4.14,2.19,2.9272719291916762
0.84,1.77,-0.8841392659071713
-4.16,-4.41,-1.5210636960825914
4.12,1.86,1.419572758579596
0.95,4.43,-1.3599532886041403
-0.42,-0.91,-1.5015674692496594
-2.28,-1.4,-0.7739087146297373
1.95,2.05,-2.5699077358642683
-2.92,-3.33,1.2953656335959396
-0.88,2.19,2.683960321415671
1.41,-2.49,-4.7091718982067645
0.99,-4.34,-1.8250867283296923
-4.46,-1.46,0.6424006557845263
2.06,-4.34,-1.9269945099912869
2.55,-2.85,-3.204854082651982
-0.13,2.63,0.6782193140367029
-3.53,3.07,-2.2664684114366924
1.77,3.24,-5.852892312146097
1.71,-3.13,-5.941561560487897
-3.45,-0.91,1.1177838793092154
-0.84,-2.23,2.7365079110112984
-3.8,1.73,-0.5819943333665316
-2.42,-2.69,3.566160342711143
-4.58,-3.25,-5.912582496955412
-1.04,-4.24,2.35444079528651
1.79,0.56,4.961886464167626
4.34,1.31,-1.4410631758330787
2.81,4.9,0.36431386646887715
-1.82,3.21,5.801055050316112
3.83,-2.74,3.50857617887694
4.97,3.18,5.7977294659021
0.37,2.37,-1.555237943781688
-0.34,-4.29,0.8202594698273205
-0.51,3.03,2.910844702397436
-3.61,-4.1,-1.5570799522922403
-0.65,-3.57,3.302968914160327
0.94,-0.97,2.739073293262545
-2.06,2.85,5.072675010635031
-2.47,-0.42,-3.408927465919583
-4.56,1.27,1.7570840912023964
3.56,-1.87,0.7185744352991169
3.38,1.53,-0.05778958445630688
-1.45,2.73,5.458838281799896
2.18,-3.31,-4.851011453576362
1.03,4.05,-3.163445494463783
-0.78,4.21,2.031861572670994
2.41,-2.36,-2.8450853246586267
-1.48,-4.53,1.0837938808018575
3.4,2.44,1.1711170709028071
-0.92,-0.44,-4.318931333930397
0.09,2.32,-0.367273886776541
2.58,-0.46,2.863075403608434
3.43,4.2,0.8366567006312388
-0.28,-3.05,1.6511835322412145
4.15,-2.19,2.9459869592857397
2.99,-2.17,-0.5110134787183763
2.36,-0.91,2.5939746803136265
-2.03,4.17,2.7762595033624273
-3.29,1.13,0.3785236400117641
-2.21,3.7,4.083963280402334
-3.87,-0.43,3.6304927474950683
-0.12,-0.44,-0.6498589119142969
1.14,-4.81,0.53131119895161
-4.93,3.06,-5.839005816193283
-3.58,-1.77,-0.5040203999104793
2.7,-4.13,-1.410406592798757
-3.72,-3.71,-2.764373961858685
-2.49,2.72,3.320108754790134
-0.14,-0.72,-0.6294558783102103
-1.76,-1.05,-2.93214931661729
-2.92,-1.37,-0.2630146808288299
-0.45,-2.05,1.2033043768126457
-1.32,3.69,4.959952477593168
-2.27,-2.52,3.7331812065788768
4.88,0.41,-5.425610450470159
-2.94,-4.25,0.5359205477400701
-1.8,0.63,-4.7213740479252015
-4.86,-1.84,-1.5784295269416844
2.08,-3.08,-5.228863922322754
0.82,-0.91,2.692425871508116
-4.87,4.12,-3.3085433708313188
-0.58,1.9,1.0630225269376605
2.01,3.8,-4.295384471691989
4.47,-4.08,3.442768715971947
3.06,-0.78,0.3476458983810389
-1.47,0.9,-3.710729360981721
2.89,-3.62,-1.3259840679964912
3.92,-4.41,1.2546019033999884
-1.01,-1.93,1.7861149059437862
-4.23,-2.49,-4.226323727935654
-0.07,-0.07,-0.4186293439327095
-1.47,-4.52,1.1414031378353977
-1.39,1.06,-2.8854231915881163
-3.13,1.41,-0.011135953502526127
3.64,4.28,1.2018784130720466
-1.52,1.59,0.11506634670323745
1.11,0.0,5.3741921140802855
4.23,4.12,2.967788395104119
3.43,3.88,1.2620677576059414
3.06,0.83,0.33002295969993234
0.54,-2.24,-1.9137013954539777
3.23,3.95,0.36587474527253083
-1.41,-1.35,-1.2970891377134999
1.79,0.17,5.7720037927760774
-2.19,2.4,3.602939138298188
-0.71,2.74,3.5998417615799667
2.53,2.53,-2.820567622795886
-1.44,-3.65,5.196357517971817
3.43,4.01,1.1025075121176486
-4.79,3.2,-5.9717381110373235
-1.44,-3.89,4.359086749753401
1.86,1.92,-1.9676436908616255
2.34,-2.39,-3.1494722978180487
3.26,-2.37,0.5080579344085135
-1.65,4.49,1.3192136844752704
4.07,0.72,-3.611675243835509
3.84,-2.83,3.672216649576679
0.89,-0.29,4.467745457409167
-4.94,-4.88,0.9751473428650126
1.81,-4.7,-0.07221552300485524
4.5,-4.98,-1.5509194580776735
-2.56,0.51,-2.876681639322656
-0.66,-3.97,2.486986521954201
-3.53,0.73,1.6932517785878178
1.67,-2.89,-5.782531824774595
-3.4,-4.4,-0.47121708170012466
-0.22,-3.95,0.9043231708967318
-0.82,2.12,2.2899846020862675
-1.23,-4.16,2.9672699156469062
-0.74,1.09,-1.8710897531335384
-1.92,2.58,4.771940908915593
0.1,2.72,-0.546551034584355
-1.87,1.95,2.1224055511453983
-0.93,2.35,3.3798528903688405
1.25,0.15,5.629971270149686
4.64,0.63,-4.835468004729834
2.35,-4.8,0.37351917068072094
-1.31,-2.82,5.499910554847924
-2.78,4.0,1.3874148455705055
3.24,-4.82,-0.06331342649997805
-4.02,-0.63,3.7317448291305473
4.25,2.51,4.334011995639731
-3.13,-1.2,-0.025203563014291924
1.29,4.12,-3.2188620391779215
-2.19,-4.38,1.5943272417489103
-3.44,-2.07,-0.844468776547202
-4.49,-4.56,-0.888369190574639
0.63,-1.12,1.5400801761083363
-3.72,-1.81,-0.7771619382393296
-3.78,-2.85,-3.424571469606869
-1.47,-2.44,4.559630059664766
-1.85,3.53,5.338038459860569
-3.1,2.73,0.22864827389455453
4.83,0.27,-5.742677802800588
1.52,-2.84,-5.721797871010119
1.87,-3.28,-5.6786002274476655
0.77,-2.92,-4.074682743458712
-3.81,-3.01,-3.686272239886425
4.03,3.91,3.348044724683355
0.92,-4.79,0.3701128956793484
-0.81,-1.23,-1.4525045936814285
4.69,0.75,-4.389032945975349
-4.43,-3.74,-4.7610526848037695
4.78,2.32,4.076999010365304
4.99,-0.6,-4.762415463097948
-0.36,-0.07,-2.108469082602139
-3.38,3.12,-1.4166016199399112
-1.2,1.07,-2.6849672854468447
-2.73,-2.57,2.018847706828965
-4.48,4.39,-1.8498993755204278
1.89,-4.36,-1.9662383156005832
0.25,3.36,-1.4491594517936313
1.01,0.27,4.89691131575211
0.11,3.87,-0.491522823646595
3.84,-1.84,1.02608662469014
0.78,-0.05,4.214403018340983
1.6,-0.45,5.4003789266816895
-3.9,1.45,0.49726636115295564
4.28,-2.35,3.8282428039044567
1.53,4.54,-1.0283620742627078
3.45,3.39,1.7653462392671273
-3.66,-4.68,-0.09627509325765007
3.35,0.54,-1.0647697037734019
2.56,0.3,3.1489157635101366
-3.74,-1.4,0.5744827739777536
3.79,-2.98,3.5763005357361797
-1.47,-2.07,2.857780174010296
1.9,4.77,0.32692296293377693
1.62,-0.21,5.8610834785414445
-0.85,-0.09,-4.489438636546997
-1.49,-0.23,-5.822940322785652
3.98,4.95,-1.0501483840531902
-1.1,-4.81,-0.5211215005971465
2.54,-4.95,0.7992935650324654
-4.05,2.33,-3.2566598629083563
0.63,-2.5,-2.8319373687503573
-4.7,-3.24,-5.970513193051532
-2.0,1.03,-2.8087407060752994
2.16,1.91,-1.659788468763883
2.1,-1.43,0.726813339622686
-1.85,-0.33,-5.456442274790872
-0.4,0.12,-2.3197073592235515
-0.94,4.53,0.8788466335220839
3.8,3.88,2.714965920307164
-3.45,-4.65,-0.1135521746335791
2.4,1.47,0.40781386751297427
-1.85,-2.4,4.253029761477728
-0.55,2.22,1.895950507818036
-4.89,-1.83,-1.5136726467097994
2.47,3.42,-3.589644317011873
1.27,1.51,0.348185156622025
-3.16,4.35,-0.039151215970955125
3.74,0.92,-2.047650140971336
0.79,0.49,3.760608200851693
-1.5,-3.13,5.9845677652197535
-1.08,-1.72,0.7866218736194613
0.42,0.71,1.855379892821971
-3.34,3.83,-0.9133111498395261
3.02,4.0,-0.47569537442732607
1.3,2.16,-3.212690765994742
-4.22,-1.09,2.4452693528876326
2.2,0.09,4.8313452180869385
1.23,-4.78,0.3820445477533333
0.92,-1.02,2.498344792126117
-0.34,2.35,1.4060744434952241
-0.24,3.47,1.34999484032223
3.93,-4.31,1.6664850782513523
0.34,-2.36,-1.420239933866392
-1.11,3.38,5.22218481370176
-2.96,-0.88,-0.690402712360823
-4.68,-3.81,-4.706388432954297
0.44,0.6,2.1092580618872776
0.11,3.72,-0.551526886628557
-2.59,4.6,0.3526373828774719
2.82,2.72,-1.730409958453887
0.83,2.54,-3.650259977790123
3.9,0.78,-2.933653641303563
2.39,3.25,-4.072769675067961
-1.89,0.34,-5.370791959594085
-3.91,-2.82,-3.956166138519402
4.88,-1.82,1.4590562171306027
2.08,3.87,-3.9093772105567943
-0.01,-2.84,0.05729092212293551
1.45,-0.75,4.358142273171843
-4.34,2.54,-4.6075748903368146
-4.68,1.11,2.666569811559543
-4.97,4.07,-3.4760407545238348
-4.94,-1.32,1.4506474344641318
-1.23,-1.12,-2.4637549608840574
1.91,-2.29,-3.727488725479713
-3.67,1.09,1.3989957058043783
-1.57,1.65,0.47472518232011285
-3.06,3.57,0.4448200936931838
0.35,-4.28,-0.862129671482698
-3.15,-3.15,-0.050441701453049145
4.3,-2.44,4.198688820690348
2.82,-2.47,-1.4846150181289401
1.75,-1.47,0.5940858452797461
-1.63,4.11,3.3937191066094203
-1.61,2.78,5.607695443321684
-1.88,2.31,3.8505014097409647
-2.37,0.22,-4.082829397457321
-0.6,-1.61,0.13278233511380416
-3.17,-2.19,-0.09891019974079772
-2.71,2.59,2.137665704804945
1.81,-2.37,-4.178349294694872
4.64,3.73,4.97788329012345
-4.49,0.12,5.8101543239486295
-2.54,4.22,1.6052751474611573
-1.98,-2.1,2.77898986761648
0.47,1.3,0.726879305034248
-2.05,1.03,-2.7409852181378285
1.34,-2.09,-2.898193417679389
-1.39,0.62,-4.803677405857673
-3.44,-2.12,-0.9208171353756839
-1.51,3.84,4.586713629956926
2.59,1.21,1.1099869182889222
-2.6,-0.85,-2.041333302496523
4.85,1.6,0.17354091400454655
2.57,-3.47,-3.072367004284928
3.04,2.35,-0.42760647122830486
-1.47,0.18,-5.873100277979975
-4.08,0.12,4.804902399758664
0.63,-4.29,-1.449086271072881
-0.36,-4.98,-0.5589075498468787
1.66,-4.75,0.2247158780936042
1.11,2.89,-5.204997306347918
-4.75,0.15,5.928430848773391
-0.39,-1.37,-0.45497083993694376
1.15,-0.43,4.978026955410639
3.49,-4.65,0.12771517536329155
-2.38,-2.86,3.9773744760796723
-3.17,2.01,-0.07246628803059695
-0.81,-4.4,1.3355835359264145
-2.67,2.99,2.6945736660573756
-3.39,-2.8,-1.3899315589502839
-2.64,-1.13,-1.2308861073571962
-1.82,-0.84,-3.8810659062669473
0.57,3.19,-3.233999520421744
-4.52,2.91,-5.732069365120355
-4.26,2.79,-5.0663078841220335
-3.52,3.88,-1.6393015876096106
-2.09,-4.69,0.11662089207769287
4.44,-3.35,5.653742363579342
3.72,-2.08,1.5990126057162501
-3.19,2.7,-0.26247986186972067
0.79,-2.74,-3.923023766498601
2.95,-2.23,-0.6997890223702834
1.26,4.57,-0.8106572496567844
0.62,-0.05,3.4818541073115865
3.74,-3.85,2.566741257193852
0.33,4.57,-0.2759064121270318
2.34,-4.22,-2.0378495978837488
4.78,1.96,2.2715088641047676
3.13,3.68,-0.059714259747261175
3.02,-3.14,-0.7277586071864085
1.04,-3.65,-4.5199686884881425
0.82,0.36,4.10566235812062
4.09,-4.5,1.0276144130836564
-0.64,3.99,2.3691179270666574
-2.19,-3.83,3.7732916182489267
-1.51,-1.99,2.4376872096933084
-2.6,0.3,-2.954863624172107
0.05,4.92,0.06181108102934797
0.94,4.46,-1.2099705870345308
-4.16,4.61,-0.5220528193548674
-1.46,-4.22,2.8190027740620733
-1.78,-2.79,5.510134949074557
-2.16,-1.17,-1.9461939451728523
1.86,-2.34,-4.0000648438652116
-0.29,-0.25,-1.6623759775192417
4.24,-1.43,-0.7497781370329714
1.19,-3.24,-5.543264570606756
-2.3,1.26,-1.3682955752967652
-3.63,1.09,1.3020444176439645
-2.29,1.74,0.7601432944730189
-4.88,-1.05,2.9435889035883127
3.95,-2.54,3.577330859095215
-1.97,2.87,5.325587000815188
-0.71,0.1,-3.891463903411871
4.31,0.81,-3.80656110707666
-2.99,0.09,-0.9024091399316855
0.79,-4.51,-0.8567291854638432
0.66,-3.83,-2.8409093784631874
-4.92,4.74,0.16208802804357153
4.61,2.39,4.360656212864628
-3.24,-4.56,-0.08948473576901951
4.64,1.66,0.5331126463554164
-4.7,-2.34,-4.173059683433443
1.26,0.24,5.548809025660251
2.97,-4.79,0.0794335409381953
2.86,0.19,1.637310936188231
3.49,4.36,0.7069894088412407
-1.56,2.28,3.907150242076146
0.35,1.78,-0.42728016061082413
-2.43,-1.11,-1.7422925465296046
-2.7,-0.23,-2.4967525637106114
-1.36,3.8,4.640755962902178
-1.14,-3.92,3.8818606586993147
-2.96,0.31,-1.0319273310705088
1.94,-3.65,-4.887952225453145
0.52,0.16,2.9432017718806756
0.32,-0.99,1.035596893728523
2.53,-2.5,-2.7599661052747964
-0.35,3.06,2.0505422596422966
-3.7,1.61,-0.12459721564072992
1.28,0.26,5.554901557664526
-1.37,0.8,-4.096251125518732
3.92,-1.46,-0.465816963278665
-4.44,-3.7,-4.900988236563028
0.74,1.69,-0.4811242596513264
0.67,4.02,-2.378542216723784
1.7,1.52,0.3021076198648771
-2.15,-1.18,-1.9127731493866413
-2.31,1.64,0.30660641114985654
-0.11,-4.02,0.42048021770586524
2.53,-1.2,1.248334382164863
1.32,4.73,0.10235507271714607
0.44,-1.6,-0.07462337345516211
3.81,1.26,-1.1371560330979866
1.88,-4.14,-3.095730460351785
0.86,1.43,0.6380955829806048
-2.51,-3.25,3.5217893842351433
2.94,-3.03,-1.193907323641167
-3.62,3.47,-2.614576115631954
1.82,3.37,-5.663638008516334
4.6,3.54,5.495190948713551
-3.74,-3.32,-3.3263154908855066
-1.16,0.04,-5.4964185844311935
-2.26,1.69,0.5506682260576281
-3.71,3.68,-2.772819782396712
2.71,-3.15,-2.5098189400810225
-0.14,-1.38,-0.15877843357813215
-1.55,0.43,-5.452615192374944
1.25,-1.61,-0.2231649223755105
-2.03,1.23,-1.7976757050231158
2.92,-1.62,-0.06485878825999962
-3.41,4.45,-0.4127329873395515
-3.92,-1.58,-0.03877340249620295
0.17,2.95,-0.9965201087251407
0.23,-4.41,-0.40735248416205777
0.89,-0.14,4.616813247635812
3.86,1.74,0.6650215310416648
4.93,-1.12,-2.5524438956830653
4.58,2.13,3.1552141785290453
-0.74,0.52,-3.510959894014155
-3.99,2.8,-4.2412913487643715
1.79,3.29,-5.792050689184056
-2.09,1.75,0.9285349497392835
-1.72,1.99,2.4150658349365464
1.32,-3.72,-4.866830868431279
0.39,0.37,2.1267603354116535
4.29,-2.78,5.118780544456295
2.32,3.43,-4.211933289537918
3.86,-2.08,1.9251247450486204
3.66,-2.5,2.381787340995651
1.16,-1.51,0.33422358712456507
-0.12,-1.65,0.05683041745029158
-1.86,-2.84,5.491261884168214
4.7,-4.92,-1.2366419530043016
4.41,0.18,-5.635227072649697
1.03,1.07,2.469660097386719
0.18,-1.77,-0.21256770039126474
1.33,-0.38,5.411226926836595
-0.92,0.36,-4.467606174630325
0.05,-2.31,-0.20202568874984922
4.63,3.1,5.974476187508171
4.66,-4.64,0.43335927060118834
-3.21,-4.1,-0.23574911735915954
2.8,-0.81,1.3858428275394066
-3.06,-2.44,0.37351549509926024
-1.92,0.82,-3.8462764168796637
-2.41,1.99,1.6315248624898369
-3.16,-2.59,-0.09405891370413344
-1.86,-3.42,5.529388386259149
-3.75,4.29,-1.4058372732682465
2.13,-0.53,4.3882946039155515
3.33,-2.79,1.0550219293138767
2.48,4.39,-1.167925583040061
-1.92,3.17,5.635598177298334
-4.39,4.68,-0.18428981177801848
2.22,-2.57,-4.019662751181662
-1.6,-3.77,4.851719079033222
-0.03,2.86,0.17288459913111087
2.26,-2.71,-4.205900743064989
4.46,-0.29,-5.567312289421137
-2.67,4.63,0.22432470047881145
4.72,-0.58,-5.018630537322287
-0.76,-2.13,2.192883824176384
1.83,-3.31,-5.717519686798052
4.97,1.46,-0.6415267781955396
1.76,2.98,-5.816154588999759
0.99,-3.28,-4.96818629323343
1.2,-0.76,4.053452957562503
-2.25,-2.61,4.024198482208379
4.84,3.26,5.909542372031479
3.68,2.01,1.3082350575897927
-0.68,4.87,-0.5921694306245471
-0.24,2.03,0.6321479083598117
4.26,1.0,-2.9157049005790827
-3.45,-3.75,-1.4944429715634413
4.49,-1.99,2.382055977613501
4.75,1.07,-2.8787080792834616
4.19,-3.8,4.112856511003937
0.5,-3.75,-2.3603826710954254
3.96,-3.59,3.9473030947334307
-0.08,0.43,-0.43583831828236846
1.89,4.55,-0.9210554501614023
2.11,0.83,3.4747375350329865
-4.94,-2.07,-2.7982760924576997
-1.8,-0.45,-5.26138966414374
-0.57,-1.91,1.0773308516688227
1.52,-2.32,-4.081064498860294
-0.77,-2.48,3.2955658160587986
-3.23,-0.97,0.29946933118038654
-3.56,-1.76,-0.4585001525008441
-4.95,-1.33,1.3906536498664088
0.74,-4.78,0.2733274068885788
1.43,1.5,0.4202233557400996
3.31,4.05,0.6184922937746679
0.32,-2.35,-1.3263002139637605
-1.65,-4.94,-1.3496603784931551
-1.04,-2.86,4.97062586419329
4.91,4.39,1.8640036840523992
-3.83,4.92,0.7857088820858842
3.45,4.53,0.3303371440942512
-4.67,4.56,-0.9099809998654684
1.24,-1.83,-1.4544885353158212
-0.03,4.45,0.04668292732770765
-1.58,2.6,5.141114766780311
-0.74,-3.0,4.005239838361487
-3.82,4.05,-2.3156825555488516
-1.24,4.83,-0.665870150445998
-2.08,-2.37,3.755175857176423
-0.48,-4.49,0.6111011924300768
0.08,-4.37,-0.1609825701226754
-4.85,-4.94,1.3411057409861957
0.42,4.88,0.40815351582841763
-4.61,1.55,0.12411553003884276
-4.39,-2.22,-3.440438841686693
0.58,1.0,1.7765915803175099
3.79,-2.64,3.1771553410019298
-4.47,-0.59,4.839900419826571
-1.01,-1.82,1.2531365639598588
2.76,-3.31,-2.2027841846041345
0.74,4.77,0.23294957361635432
-4.18,4.11,-2.9291498082958998
3.19,3.96,0.19840756120216257
3.04,2.8,-0.5733497547187832
-3.37,4.8,0.1188725428736667
-1.12,4.95,-1.2712016453006718
-3.72,-3.0,-3.2473202073434115
4.36,1.01,-2.9950700147365974
4.4,2.28,3.718268973218268
3.56,3.07,2.431589311469013
-4.21,-3.2,-5.249641216752599
1.33,3.61,-5.199266874101194
-0.21,-0.22,-1.2206129072851322
1.98,1.19,2.045849239602012
0.26,-0.91,0.9466925760002884
-2.01,-1.53,-0.2214847727992577
0.79,0.82,2.9077084026566844
1.21,3.43,-5.38183960180254
1.84,3.7,-4.905324057631112
-0.94,0.07,-4.833482344930561
2.6,-1.49,0.2496318953761899
-4.12,2.23,-3.0487518191585585
3.59,1.73,0.4123711091030008
0.5,3.56,-2.6284137045529987
4.99,-0.47,-5.144596362261516
-4.47,0.31,5.546965939489403
2.45,-1.64,-0.264602638553525
-2.73,-0.83,-1.6199831566289933
-4.33,-2.44,-4.251895857219643
-3.73,2.41,-2.478055669800021
0.28,2.38,-1.2000543051555854
-3.29,1.9,-0.2868157284855663
-2.81,-3.42,1.8780830904535133
3.89,0.29,-3.91235203081678
0.73,2.21,-2.3869525794476085
-0.19,1.04,-0.5736251903742144
4.72,-1.53,-0.24470297974791289
-4.23,4.44,-1.4300011412001012
0.39,4.47,-0.5475225366333887
3.91,-4.09,2.4309860195926736
-2.02,4.42,1.5578711970238184
-4.76,3.07,-5.977848316474633
2.75,-2.29,-1.5085970058812677
-2.8,-0.33,-1.90147784776639
2.1,1.06,2.5319937609308534
4.68,-0.82,-4.091180387025891
-0.85,-0.54,-3.86627835376416
0.02,-0.69,0.092543351954931
-1.29,3.9,4.185007272692424
1.64,1.87,-1.764322869021471
-0.35,-4.25,0.9177745333484719
3.27,-0.13,-0.7618453473310333
2.88,-0.05,1.5497768569032675
-4.81,-2.24,-3.7044514959202584
-2.51,0.86,-2.3113155200401083
1.26,4.84,0.7270063956344602
-2.2,-0.68,-3.7719884809100805
-2.79,-1.39,-0.37155848903315875
-3.82,-0.91,2.3109509489422195
-1.1,-4.3,2.1431710323852236
1.99,1.47,0.5514773362222996
3.43,1.09,-0.7892563800671683
1.44,-3.83,-4.5939747222205325
4.97,3.31,5.719927071186801
4.87,1.26,-1.8121579824299532
-1.08,-4.57,0.7509429082625652
1.37,1.87,-1.733022397047935
1.16,-3.3,-5.431947137410058
0.64,-2.31,-2.413982107347459
2.1,-1.63,-0.306451895461066
4.66,-0.85,-3.95446593843353
2.15,-3.42,-4.828040793721452
1.11,-2.23,-3.2916258453335243
1.33,1.91,-1.9388175916109456
1.85,-4.52,-1.102799959860918
-3.62,-0.65,2.1989390771974806
-4.74,-4.76,0.28544936146542593
-3.56,-1.33,0.5813650820101101
-3.53,3.22,-2.265308130672182
3.03,3.54,-0.6158363051202455
-0.58,-4.59,0.4014286202477071
1.33,-2.23,-3.5688978353157
-1.33,1.67,0.5771012522428411
-3.1,-3.04,0.2481976111164405
0.46,-4.22,-1.259211975295624
4.04,-3.18,4.690553740903471
-3.46,1.3,0.5024500461351927
0.94,-3.07,-4.832936468701929
2.17,4.63,-0.40775183657185216
0.7,2.95,-3.794579536630862
1.54,3.31,-5.912313026264276
-3.09,4.39,0.0980341397102389
4.86,1.18,-2.260694197469649
1.99,-3.46,-5.205004980799426
-4.14,2.81,-4.768903518252204
-1.24,0.45,-5.109770770535179
-1.37,-0.53,-5.0728296229748215
-1.81,0.15,-5.763706532114114
-2.91,2.21,0.8215583622947272
-1.66,-2.16,3.3209380850504897
-1.67,-4.36,2.0606641943616024
-1.11,4.54,0.9218696042836416
2.45,-2.63,-3.3366544496493646
3.79,2.45,2.790937969459772
4.89,3.58,5.347111260397689
-1.64,2.5,4.795355899336415
1.28,2.86,-5.521701150146804
1.56,1.82,-1.479707617767157
-4.81,-3.35,-5.842227039186659
4.94,-4.74,-0.16137279249959272
4.5,-4.1,3.3714463205482925
-2.55,3.42,3.2172584871236496
4.63,-2.17,3.3724319434035013
-2.08,-4.81,-0.5105527500024781
-1.25,-1.51,-0.3459554625987012
4.43,0.67,-4.516658640169425
-0.67,0.8,-2.595870621473658
1.71,4.04,-3.7009903948982337
2.54,-3.07,-3.3870386594505977
2.57,-4.1,-1.8657827200917958
-4.13,-1.44,0.653540980486996
-3.13,-0.46,-0.06232436123276626
-0.01,3.93,0.04229784117949513
1.76,4.9,1.0991035729676948
-4.4,4.35,-2.0241093690746146
-0.31,-3.07,1.8256630803658578
1.73,-2.34,-4.120602726828895
1.71,-4.3,-2.381532979166377
3.94,2.17,2.4237107912173044
-0.5,-4.56,0.4366603735236955
-4.67,0.48,5.317188926859446
-3.5,-1.77,-0.4164964626735363
-1.98,-0.46,-4.932435426929861
-1.08,4.94,-1.1940869360233115
-1.58,-2.51,4.842323984315284
0.31,1.26,0.5597525344273826
0.57,-4.14,-1.7537236188494167
3.93,3.09,4.249726096961163
4.99,-4.45,1.4967436208000413
-3.69,-4.65,-0.19502445420274206
1.06,-4.04,-3.260114991885564
-1.97,1.34,-1.2645969536941535
-1.17,2.65,4.8703040028508005
0.99,-2.0,-2.0874573975950135
-4.62,-3.44,-5.710377550220303
3.92,-0.69,-3.2491651627718494
-0.57,1.29,-0.8972598333223228
3.24,3.8,0.46626879236026614
2.18,0.52,4.270211610451099
0.54,-0.08,3.074949802508475
-1.71,2.77,5.53642339671048
0.5,0.46,2.577542707462897
1.32,0.69,4.482705963802411
2.94,-3.65,-1.049430455984413
-4.81,-4.56,-0.9064635883421217
4.86,0.68,-4.614700909326593
2.4,-4.67,-0.17174173062411
4.15,-2.67,4.521846500800777
-3.79,-2.75,-3.349215693640085
4.54,-1.44,-0.7709432401809105
-2.25,-2.63,4.070719790323959
-2.34,2.72,3.9333290310348343
4.47,-4.56,0.884174066037322
3.02,-0.61,0.5965066563832915
4.52,2.59,5.015864990603397
4.07,-0.38,-4.461305552925137
-4.11,0.77,3.549282900889022
2.69,-1.65,-0.2071696995297124
-1.34,4.43,1.6275734800834092
-1.98,3.73,4.57889090008082
1.32,4.03,-3.665514289583442
-1.23,3.84,4.330927742016398
-3.83,-2.39,-2.7849452278352222
-0.75,1.7,0.5269524079646097
-1.0,3.08,5.039252184272271
-4.54,-3.85,-4.488858482143249
0.3,-2.98,-1.7500215354392947
-4.18,-1.64,-0.357468534129817
-4.84,-2.91,-5.792327494282446
1.66,0.92,3.6204684575512984
1.66,0.63,4.828888696748322
0.99,3.77,-4.057893464374671
-0.46,3.65,2.3267876935296345
4.65,-3.63,5.288179167285279
2.65,-1.6,-0.08269839790370015
2.46,-0.87,2.4375628547741637
-2.45,-2.91,3.7244262326316724
-1.3,-2.43,4.3783473197347496
-1.26,-2.77,5.3226623987576405
-2.0,1.12,-2.3769895638751954
2.45,2.01,-1.6271374473021216
-3.87,2.4,-2.945218273932178
-4.9,-1.83,-1.5108799285934713
-4.26,1.19,2.005637398044153
4.16,-3.4,4.938057512492906
3.24,-4.75,-0.02216615185819364
3.28,-0.3,-0.7908229635483792
0.84,4.71,-0.010673616690428512
-4.04,-1.08,2.2124226203251025
-0.58,-0.23,-3.2015549454767815
-3.78,3.87,-2.668167700464566
-1.55,1.65,0.4746226802232236
-1.9,-1.72,0.844009024209522
-1.48,-2.02,2.594757658028199
3.34,-4.11,0.6701038116048407
4.91,1.9,1.9019870034952686
-3.93,3.1,-4.251708069764333
3.01,-3.19,-0.7863569287299635
1.24,-2.29,-3.7384142982690447
3.11,-2.34,-0.13182621558461366
1.59,-2.49,-4.7698339746321725
-3.61,1.61,-0.10616749468997849
-0.36,0.15,-2.089911440187021
4.07,-4.7,0.059515147861750245
-0.3,-0.58,-1.4831496910045665
-4.71,4.21,-2.889115931809809
-4.08,-2.07,-2.3168959634180513
-3.4,-3.57,-1.3946848578965565
4.09,3.32,4.797551398780624
-4.66,0.43,5.446311953121382
3.49,-2.9,1.9889181500820214
2.87,0.66,1.271568577253248
1.76,0.71,4.468970342739966
4.01,-4.62,0.4225219096437646
-0.12,4.35,0.25463437608505785
2.72,-1.04,1.2429150134079985
4.03,0.3,-4.448438345532899
3.53,3.34,2.2277108957594725
2.44,-0.32,3.6760185629337956
4.24,-1.24,-1.7353549942819217
1.16,-0.54,4.71809991296932
4.1,0.38,-4.559430090883381
4.27,2.36,3.848771440825569
-0.36,0.62,-1.720250455799446
2.63,-0.84,1.9606050649801365
-0.12,-4.08,0.42455223472286535
3.78,-4.8,-0.31285290778341845
1.06,3.3,-5.168600345908583
4.34,4.05,3.4371036107918522
0.71,-3.87,-2.918529192357639
3.46,4.33,0.7008748091543642
-1.72,-3.13,5.932939910941691
4.27,-2.5,4.344112430989887
-4.61,-4.36,-2.0600004391240905
-4.16,1.42,0.7672976800731937
-2.52,3.0,3.459017841415829
-4.98,4.97,1.4742158845350926
2.32,0.88,2.79925261429232
-4.52,-1.63,-0.34846463346190615
-4.86,3.86,-4.468007072182244
1.26,-1.15,2.333501682760998
0.4,-0.94,1.378045650126619
-3.36,-3.73,-1.081415422316269
1.5,1.96,-2.27100739820547
-2.08,1.68,0.570959566260277
-0.17,1.15,-0.4146531888788845
3.49,-3.39,1.9855322476427149
1.21,-2.69,-5.050941011164842
-1.42,-4.92,-1.2227020799900938
4.03,-4.84,-0.5925977951840344
1.31,-4.59,-0.7077323926770287
2.83,-0.78,1.307689849415856
2.14,4.37,-1.696815830011412
0.42,-4.18,-1.2418584177141652
-1.22,2.35,3.959504388450216
-3.31,-1.47,0.10119674822533557
1.61,1.01,3.188712347420622
-3.11,-2.14,0.10214634026442634
-0.81,-4.47,1.043071106818717
-4.83,0.2,5.839776447969139
2.24,-1.2,1.7052177444833119
-0.63,1.11,-1.5718200098822115
0.03,0.82,0.12278139816805468
-3.0,2.32,0.5766636680783359
-3.3,0.03,0.9460482834278472
4.25,1.6,0.15679957035007014
-0.74,-4.65,0.2522450982447918
-0.22,-4.25,0.5840970287098686
-0.56,3.21,3.179662934005096
1.93,-2.75,-5.1918640576625394
2.56,0.39,3.0486229213999048
-3.24,3.16,-0.5893916964589991
-1.64,-4.84,-0.7617619755843704
-2.55,-3.47,3.167277334400504
3.53,3.19,2.269627467851433
-2.25,-4.21,2.2479500840210527
1.79,0.75,4.285081373076124
1.59,0.67,4.702062846169475
2.29,-4.73,0.07949174204547514
-2.38,0.58,-3.4633316963172844
-0.93,1.1,-2.1816701762536916
-2.54,-4.11,1.924067488317103
4.92,-0.08,-5.852379095922154
0.16,3.4,-0.9241713251979249
-2.99,-1.98,0.36050860687725195
4.31,2.78,5.1637655540255825
1.03,0.15,5.086034673920969
-3.3,4.14,-0.5126499625806902
1.04,-2.46,-4.018304971624019
2.04,4.12,-2.988020923842199
1.96,-1.99,-2.259550872867023
3.22,3.98,0.31423925621580595
0.11,4.55,-0.10649124190254695
-2.38,4.63,0.3407416509949175
-2.06,-4.47,1.2712175032138622
-4.74,-1.59,-0.11517104207862382
-1.99,-2.72,5.000600344174248
-1.06,1.52,-0.26576040177030424
-0.22,-4.51,0.26319817826677244
-4.73,3.87,-4.47671898230817
0.32,3.89,-1.383036341161666
3.1,2.93,-0.24391990068023692
2.82,0.08,1.8904023243373052
-0.8,0.55,-3.669381951243546
-2.42,1.89,1.2437841376523302
0.38,1.19,0.8271375256850765
-2.47,2.1,1.8847931193256253
-1.06,-1.77,1.035776353914041
4.41,0.81,-3.9492861156716237
-2.93,-4.81,-0.12280478712546086
-3.86,-2.33,-2.7183523260263605
4.07,0.67,-3.765479826123051
-2.45,-0.14,-3.78914885924024
3.42,1.41,-0.2640036878422034
0.94,0.36,4.534746366627199
-4.99,1.46,0.6380183038921223
-2.13,-4.09,2.9650643791043434
2.87,4.96,0.39449361285544005
1.57,4.42,-1.7294432481657178
4.1,-0.85,-3.2402946117957865
-2.65,-4.93,-0.6114615735709437
2.32,0.52,3.812666946555083
0.57,2.94,-3.172223513195718
-3.79,-0.96,2.0781534077755652
5.0,3.98,3.8470964299893957
0.27,1.03,0.8239102209199249
3.27,1.61,0.03011358766459938
2.07,-3.14,-5.267777697008614
-0.06,4.26,0.1572671589287994
-4.14,0.75,3.690387261890034
-0.43,-1.8,0.5682835171698285
-4.4,-1.22,1.9620840292659656
1.65,-0.85,3.9474847050104382
1.04,-3.47,-4.897889748001895
-2.89,3.21,1.4901871946646392
3.95,-1.36,-0.9079135096342797
0.57,-2.94,-3.172223513195718
2.28,-1.71,-0.6317888384878486
-3.63,2.81,-2.661955833810322
-1.19,-0.83,-3.7592022743931515
-2.21,4.67,0.20405989228544746
-0.17,-4.34,0.3693335707900973
4.77,-2.49,4.762798741712273
-1.5,0.11,-5.948797347698001
-2.24,4.15,2.5092247125263603
-4.0,-2.89,-4.3978572398198805
-3.33,3.15,-1.1237282655791045
2.69,-3.47,-2.4784602429208813
0.87,4.48,-1.0561632110721952
-3.66,-3.01,-2.947280332930753
3.61,-0.06,-2.703920145418714
-3.84,-0.92,2.3372495917958913
-2.27,0.71,-3.482496105592266
2.09,-1.98,-2.0726654440159282
-1.15,-4.76,-0.26064723221136415
-2.64,4.18,1.4643735246285812
-1.56,3.95,4.143665073440559
-2.85,4.05,1.0607979647370793
-2.2,4.06,2.9449635392138815
3.19,3.76,0.23656223828716347
-3.67,0.68,2.3521195964163146
2.84,0.49,1.5725360677438247
-1.62,-0.59,-4.979610166306053
-3.48,-0.75,1.4574592011125487
-4.12,-0.19,4.8880783318710295
2.1,-2.72,-4.725752040259729
0.74,1.87,-1.192516011392318
-1.42,4.98,-1.5685647209847327
-0.6,-3.23,3.3746239635926254
4.87,-4.81,-0.577488765446439
-0.16,-3.17,0.9555235670792614
1.04,1.28,1.4835864528093503
4.6,-0.6,-4.920771453084245
-3.31,-3.61,-0.8973518640629679
-3.81,-2.94,-3.6431190324183684
-2.57,2.14,1.7493790318755222
4.78,2.61,5.1601882611060494
-4.47,-0.67,4.565450826013288
-4.83,-3.76,-4.855043909860971
-2.33,0.11,-4.326001411711371
-4.01,-2.07,-2.1924746497982137
2.1,-2.27,-3.333412892925591
-1.28,-3.82,4.475312738329306
-3.29,3.03,-0.8816607879539454
-1.76,1.25,-1.8581713170992746
0.7,-2.69,-3.477821596877586
1.73,-4.25,-2.6426771760530277
-0.42,-1.82,0.6034014147121206
0.28,-3.56,-1.5150986243480458
-2.17,-3.14,4.954703674711459
-2.06,3.26,5.259159998035421
1.74,-1.13,2.523400533090298
-2.5,0.37,-3.347831673189563
-1.64,-1.29,-1.6587453201190516
-4.81,3.89,-4.375712550355646
0.61,3.15,-3.437083284532337
-0.84,2.43,3.3836111382020118
3.59,1.28,-0.7457993875822331
4.97,-1.81,1.3746643025875371
-4.78,0.12,5.943241871495494
-3.91,-3.37,-4.061645045106279
-2.23,-0.8,-3.3043972470714826
-1.98,-1.82,1.3576190529854197
1.92,2.7,-5.0970437767879675
-1.96,-3.59,5.002463494961684
-0.72,-3.29,3.9128196094321854
-4.05,-0.81,3.262121563618434
-2.39,4.1,2.3549498564148115
-2.07,3.75,4.322529763810519
2.04,3.61,-4.775145790688533
4.9,3.12,5.893341545093184
-3.54,-2.5,-1.864826406327538
-4.85,-2.59,-5.061837308553645
1.05,4.26,-2.274984516332966
4.85,2.82,5.638586420889536
2.99,0.75,0.6629659229521495
-0.75,1.62,0.20115359629670224
0.47,-2.21,-1.6210336028810464
1.22,-1.81,-1.334999502678402
3.63,-1.9,0.9101636634714465
3.02,0.65,0.5793575712189787
-4.4,-0.1,5.681088163243658
2.6,-3.0,-3.0620549405429145
0.55,1.36,0.6561982707596039
1.53,-4.26,-2.6205104240230646
3.97,1.05,-2.1998280554257525
-2.3,-1.22,-1.5375505450214115
1.15,3.81,-4.298075893152462
2.95,3.56,-1.043977543286841
0.76,0.07,4.123405659995792
1.44,-3.83,-4.5939747222205325
4.9,-1.05,-2.933039855804724
2.42,4.45,-1.0280830126247071
1.9,-0.84,3.7897207837303157
-3.38,-0.65,1.1279965484877374
-0.24,3.86,1.073733588706237
4.09,-1.39,-0.876575377760034
-0.77,3.9,3.0320823468700286
1.52,4.47,-1.4382771532211671
-2.47,-0.25,-3.617338925724311
-0.96,-0.06,-4.906304794730539
3.74,0.59,-2.8085493360360734
-4.44,3.39,-5.601407039974329
5.0,2.4,4.242628402899272
-2.7,1.26,-0.7841999620571604
