X1,X2,val_esp
-3.75,4.77,0.19746011043730038
1.03,-1.79,-1.1185304426804932
-4.9,-3.01,-5.843750989392365
-3.4,-1.19,0.5698462400196476
0.52,1.55,0.061995221431424004
2.09,-4.67,-0.22075026353379254
3.41,0.8,-1.1085836047312445
-0.1,2.12,0.3126831578596221
-0.77,1.12,-1.8197634222275367
-3.68,-2.1,-1.5532175242614255
2.5,4.82,0.3856678316059516
1.31,-2.82,-5.499910554847924
2.57,-3.19,-3.2420311309626224
0.87,-2.74,-4.221111807043102
2.85,-2.76,-1.6008029882420227
-2.33,3.3,4.2978144481873075
0.9,-1.71,-0.6521409663662673
4.25,-0.43,-4.881088037719732
1.37,-0.66,4.64471853651929
3.89,-3.72,3.418698546202713
4.88,0.61,-4.848969449490802
-1.55,-0.11,-5.9624470143246695
-4.16,2.95,-5.014181838314639
-3.52,-1.85,-0.6108859497141426
2.58,0.34,3.0122986119286104
-3.98,3.61,-3.980922455600262
3.72,1.92,1.1223009062524552
-3.53,2.64,-1.992383860390069
-2.73,0.55,-2.0464142410504413
-3.2,1.3,0.09369008993304798
4.05,-1.47,-0.47607559212451683
2.9,2.19,-0.8331430061669653
-0.06,-4.54,0.061716061224872124
2.54,-3.34,-3.32911894467293
-4.49,3.09,-5.844452888079091
-2.04,2.24,3.3199097742344
3.45,3.56,1.6641430371573231
-4.52,-0.36,5.511778584891734
2.28,-1.81,-1.0788053055267486
3.98,3.59,4.020407673928463
4.02,-1.63,0.2732629238988898
-2.18,-4.03,3.1031855894296876
-0.79,1.49,-0.34398906282969266
3.06,-2.32,-0.3330451183819059
-1.36,-2.62,5.087008441604372
2.63,1.93,-1.0325806941043183
2.2,-4.21,-2.335846506686395
4.34,3.72,4.6796649946081565
-4.18,-3.21,-5.1574904218045745
4.6,0.97,-3.3703983508335567
4.37,0.42,-5.160533701074845
2.1,2.68,-4.637217547058301
0.07,-0.42,0.3831842421471201
2.33,-0.06,4.34447452337968
-2.24,-2.27,3.028753993892587
-2.36,-4.24,1.9231044922746505
0.27,4.84,0.20367338257586212
-4.23,3.48,-5.013873896875719
0.9,4.49,-1.0366253696360543
3.53,0.09,-2.2630926817336965
1.15,3.16,-5.475655851242474
-3.29,-0.07,0.8850063415747348
1.54,-3.95,-4.141941665689357
3.67,-2.39,2.210036449232597
-3.75,-4.26,-1.4990296684565183
1.05,-2.92,-5.077281327651982
2.58,3.74,-2.6399901940378205
-1.2,-1.83,1.4333507077668595
-0.58,-3.0,3.2552375122883497
-2.27,0.91,-2.8184000937902427
-0.18,-1.6,0.03136546813102546
4.39,4.88,-0.9493955100117837
1.36,0.14,5.809783028769366
0.65,-0.11,3.609172310290993
-4.41,3.45,-5.457520373972562
0.11,0.86,0.4297408599453477
3.5,-2.43,1.5939367523485592
4.27,-3.29,5.362785288637162
-1.68,-3.74,4.927872838042604
-1.8,-4.8,-0.5112640663605318
1.56,0.83,4.049018570803014
-3.45,1.02,0.9531797552580706
4.16,-2.89,4.946837401543368
3.78,-4.1,2.0552849423779698
-2.05,-0.57,-4.482427460848436
-2.88,-0.56,-1.3146993948440515
-2.77,-4.3,0.8731807088507776
-2.59,-1.59,0.06037774650853269
-1.28,1.13,-2.4524811776702715
-3.39,2.91,-1.435779228077499
-3.16,-4.2,-0.05414334692908782
4.65,-2.5,4.797509649479726
2.4,-1.51,0.24624232293105594
-3.95,1.1,1.968211968880086
4.09,-3.56,4.45440337167314
2.99,-0.86,0.5911581092052066
3.43,-4.94,-0.38508534643904657
0.95,1.41,0.7813879764139694
-0.6,-4.83,-0.39753111590656853
-4.84,-4.6,-0.6674435251221091
-3.88,3.6,-3.621707362233681
-3.2,-2.94,-0.3431520251216915
-2.57,2.27,2.0890456519487195
-4.96,3.02,-5.774055606815695
-2.96,0.37,-1.010249034433119
-3.84,-4.68,-0.12493459549821002
-4.0,0.96,2.6042481394116206
0.94,4.87,0.760522464859743
4.14,3.9,3.6613531275089892
-1.06,4.37,1.7572991978505836
4.23,-3.04,5.287928885462072
-3.99,1.89,-1.4125774279722598
-3.43,-2.26,-1.0852368013676599
-4.86,1.09,2.7447357547446702
-4.15,4.08,-3.000230961942557
-3.78,-4.06,-2.170639829951585
-1.49,-3.88,4.422773765508318
-1.36,-1.65,0.464217098863954
-3.91,4.54,-0.7152975254991422
4.06,0.29,-4.568729042810794
2.31,2.32,-3.0198233420893557
-1.94,-1.33,-1.3344380875023043
2.66,3.45,-2.6480224443996545
-4.94,-4.78,0.3949022518567341
3.18,-4.62,0.021254991548755566
-4.08,-4.71,-0.01156195287805905
3.64,-3.32,2.8226387728133218
4.83,-2.1,3.0081511380431767
-1.33,1.06,-2.8486039758584125
3.08,0.17,0.3639984374734675
-4.67,-3.7,-5.084029211068948
-3.76,1.8,-0.7903063973853929
1.05,1.69,-0.6189319873918188
4.02,-2.43,3.497573162997743
1.5,-2.59,-5.097344905012414
-3.17,-1.23,0.056961179601946264
4.45,0.67,-4.541963095431093
-2.34,-3.27,4.275298458487389
2.38,-0.98,2.3063239488032417
3.9,4.63,0.3396016116550684
-1.07,4.47,1.263286902313878
-2.06,4.31,2.074102541033762
-0.66,0.94,-2.1696538634321745
-2.26,1.95,1.7141282521450736
-0.35,-3.57,1.8714577657798213
-0.42,3.14,2.4465596154493023
1.85,-1.21,2.036092779367984
-2.0,-2.8,5.14056209920609
-4.43,-2.21,-3.437570413688465
-4.39,-1.48,0.5160019961548513
0.58,1.79,-0.7150147898803444
3.53,-0.62,-1.849367262162545
-4.5,0.72,4.409476457210359
4.31,4.85,-0.7573230550633491
-4.55,-3.1,-5.915942321171365
-4.76,1.69,-0.7127208510174015
-2.27,-1.19,-1.7067103433459316
-0.52,1.71,0.41366623472148567
1.11,3.08,-5.364001421027519
4.93,1.46,-0.6477726196237676
1.99,-2.96,-5.390366348220812
0.45,4.05,-1.6050290231107345
-1.4,1.88,1.7992351284381294
2.28,-0.14,4.50873489874754
-2.68,-1.56,-0.028849900783549626
-3.94,0.95,2.499767612777093
-4.91,-1.43,0.8256031677409682
4.54,4.24,2.689623596578287
2.96,4.53,-0.19653870351356564
-4.5,-4.48,-1.350768364221304
2.34,3.52,-4.005818582107085
3.57,-4.33,0.9300596901876617
-1.09,2.66,4.714683005022535
-0.07,-1.41,-0.06718890852696209
-3.45,2.92,-1.7767170732445454
0.88,1.53,0.1886075630413544
-1.17,-3.33,5.42674073533134
-2.6,-2.97,3.0475845228622602
-3.13,-1.16,-0.027775806834945484
-1.88,2.16,3.1760746673723
4.25,-2.52,4.365500531727901
0.64,2.12,-1.8704454153377539
2.26,2.1,-2.337697950812586
1.91,1.17,2.2075248871741753
-2.29,-4.37,1.5155174068053956
-4.25,-3.27,-5.325725993130373
2.58,4.22,-1.5104790905416965
-4.13,-4.31,-1.962359217478626
0.48,1.31,0.7144186526176841
3.76,-4.4,1.0690356248645454
4.51,-0.62,-4.783599103849802
0.95,-4.24,-2.220697194535307
-3.0,-4.83,-0.09935418769238517
-0.03,-4.48,0.04144831142318422
-3.53,-1.42,0.34135571930103586
-0.57,1.88,0.9852607484346905
-0.34,-3.69,1.7074990662447975
-2.04,-0.64,-4.292473123590994
0.53,1.06,1.4828468217883315
-4.87,3.68,-5.087310372349964
-4.4,-3.24,-5.681988786352771
-2.11,-0.61,-4.220127468828216
0.63,-2.87,-3.4052974583221194
-3.75,-1.96,-1.3012797064885635
-4.37,-4.74,0.1560302474078142
1.56,1.32,1.4889659282647356
-4.57,1.34,1.358626708820727
2.15,-4.95,1.1819426699099147
-0.06,-4.38,0.11739831555038617
-4.42,3.3,-5.673414965222384
1.28,2.51,-4.6392196648288735
1.79,-4.16,-3.072997659389036
-3.48,-1.17,0.7771474820982255
4.93,0.39,-5.41857608464532
-3.84,1.07,1.8523156517697013
-0.87,-3.01,4.5463240919406225
-1.43,2.42,4.459953346997064
0.8,-4.39,-1.3636940676901113
-0.93,-3.1,4.805559960581821
4.28,-4.88,-0.9088425002891174
-1.11,4.02,3.4307652375875155
0.45,-3.11,-2.608490901224286
1.17,4.0,-3.611056527699496
0.19,0.66,0.8951823592836733
2.53,3.74,-2.8464027800607234
1.19,3.93,-3.9268657607031567
-1.52,3.84,4.589276243825868
-1.59,-4.5,1.2645415912536575
-1.8,-4.09,3.406389531826266
0.64,1.36,0.7497382645626254
-4.85,-2.67,-5.294545724518584
-4.6,1.3,1.5948670769204538
2.36,3.82,-3.2906119864402275
1.24,3.32,-5.584632694339941
-4.24,-4.36,-1.84405467175558
-2.63,1.85,0.8095186920742911
-2.07,-3.37,5.130970794855016
4.87,-4.85,-0.8128608716194694
-0.15,-1.94,0.32356901561073487
-1.02,2.83,4.866456278662448
-3.49,-1.0,1.1067593859790554
-3.12,1.72,0.01925708196735707
4.04,3.62,4.167014817371797
-2.76,-2.19,1.296813062003555
4.09,-3.87,3.6378448143270288
3.85,-2.54,3.218389936181871
2.54,-4.07,-2.034419973444559
-4.02,1.6,-0.1348532880873431
-0.9,-4.36,1.622149255594718
3.42,3.68,1.4156654647011628
1.84,0.77,4.152322069568204
-1.3,-1.34,-1.3224998424060421
-3.15,-1.15,0.020605529771319655
1.71,-3.46,-5.6432894091707375
-4.53,2.73,-5.407699509804092
2.19,-1.35,1.0700766060873868
-2.79,-3.48,1.9491663220664688
4.09,2.02,2.1169295618504025
3.01,-4.98,0.2081788470602653
0.78,-3.23,-4.203197054704733
-2.33,-1.0,-2.3515611431344245
-4.46,2.99,-5.743282576819654
3.4,1.89,0.4811489769973506
2.78,0.83,1.4324818885273387
-1.22,5.0,-1.5983218546834543
-3.18,3.89,-0.1688218138990415
4.37,1.47,-0.5687096463582405
-0.71,-4.07,2.3431204955205396
1.42,3.07,-5.916715041475756
0.99,-0.65,3.9932804203799646
-3.92,4.08,-2.490120120027407
4.93,2.73,5.369222669651857
-4.1,4.38,-1.602033622041724
0.99,-2.7,-4.5349667835316945
-0.64,3.76,2.919579148846837
-1.39,3.55,5.416775131894478
-3.26,-4.53,-0.12855905347680252
-2.45,-1.34,-0.8753427980063607
-3.94,4.11,-2.43500245966021
3.7,-4.11,1.8012709075562192
0.03,-4.79,0.01395386982342834
0.83,4.7,-0.05485190049234437
-2.89,-1.82,0.368389926339109
0.12,1.29,0.19904850983314407
1.9,-3.13,-5.677419011677375
-1.59,0.07,-5.984202401676359
0.02,-1.72,-0.01783689485074535
-0.37,-4.58,0.28640504673005807
-4.19,-2.49,-4.134441959917046
-4.11,-0.36,4.626985966201897
4.51,-0.63,-4.749209950215817
-1.37,-0.84,-3.9243132223547823
3.67,0.23,-2.945293414798624
0.56,3.44,-3.046265534907117
-1.83,3.74,4.791798020837406
0.95,-4.59,-0.595828469988343
1.19,4.83,0.6536092641146231
5.0,-1.45,-0.693318184263009
-0.87,4.21,2.2082412105678833
-2.14,1.42,-0.7592369094811696
-1.66,4.09,3.4839594872145705
2.95,-0.1,1.1368279637249434
1.98,0.76,3.98995240565256
-2.56,-0.3,-3.1489157635101366
4.44,-1.77,1.1435570289871302
3.4,0.8,-1.068223201776371
-4.61,0.57,5.024950759964662
1.06,-4.78,0.35361550720767504
-1.09,3.2,5.310690100643668
0.05,3.9,-0.21768896106403418
2.51,2.39,-2.5882212160062408
1.56,-1.39,1.0788149892840704
-2.57,-1.77,0.6423141085611597
-2.69,1.75,0.46671849050460684
-1.76,-2.03,2.6119475691002743
4.56,3.39,5.748433124981266
-4.28,2.32,-3.710258652904639
-1.13,3.95,3.7477996220230527
-0.66,4.79,-0.2852212058885974
-0.53,3.94,2.1167135723595454
-4.96,0.47,5.186256474097239
-2.96,2.42,0.8135008783070022
-1.46,2.64,5.228649370417293
2.86,1.36,0.3488668823271871
-3.27,-2.19,-0.445927817667873
-3.48,4.57,-0.28266876351273673
-4.84,-2.31,-4.0093297221479505
-3.7,-1.53,0.1296562377789247
-3.5,3.39,-2.040096085291263
0.6,2.41,-2.5209412910163946
-3.7,2.27,-2.046042004964401
-0.23,4.52,0.2615417551868935
-3.69,4.97,0.7969171619389924
-2.92,-2.68,1.1806920343355607
-0.79,4.06,2.5874753151010017
3.95,1.04,-2.196554869216588
-0.38,1.22,-0.7647914492119376
0.86,-1.26,1.3905664177326773
1.16,1.4,0.9349584299999767
-1.1,-3.31,5.271596513720891
-1.49,1.65,0.4731766610932765
-1.1,4.26,2.3373629909359535
-2.91,1.07,-0.66121157162452
-3.65,-1.53,0.11912159362607475
-3.48,-2.38,-1.4416215353012822
-3.2,3.56,-0.3200317593078025
3.41,-2.66,1.4101937822578472
2.22,-0.01,4.779153865766256
-1.73,-2.24,3.6750985177418727
1.8,2.67,-5.205288821051379
-4.97,-0.83,3.915634748891856
1.95,-1.56,0.06017494695357893
-1.74,0.24,-5.744798825657592
-1.17,1.34,-1.26374570714075
-1.72,-1.71,0.8232776376068869
-3.47,-2.78,-1.8100738970232342
-1.56,-2.29,3.952484316206596
3.14,4.27,-0.004090885237923225
-0.01,-0.41,-0.05502633225275908
2.02,-2.67,-4.8148073489521
1.27,-4.99,1.5705234512307245
-3.53,-2.46,-1.7645923016859597
1.74,-1.88,-1.7997270884197034
-4.44,3.9,-4.1950071340650785
4.1,4.66,0.25709457960048265
-1.42,-3.58,5.370923206325465
-1.75,-4.67,0.25018602685055785
2.4,-0.69,3.125689717664078
2.61,-3.29,-3.008009066546115
1.09,-0.47,4.742930642301814
1.56,-1.04,3.037144528995603
-2.49,-2.58,3.07984283286627
-3.33,-2.48,-0.886669509676463
-3.01,-2.8,0.7417920062061178
-4.76,2.35,-4.2115006139039535
-3.44,0.41,1.6177918451355522
-4.68,4.55,-0.9695485252130275
2.78,-4.39,-0.6725060889111715
-3.24,0.12,0.5852523139838522
-0.6,-1.25,-1.0682663917177813
-2.51,2.04,1.6018727193725055
1.89,2.07,-2.7272638027953704
-3.14,-3.4,0.009238643766395237
4.38,-0.38,-5.267007914395026
3.06,3.75,-0.4012641196211867
-2.5,0.32,-3.408545735515283
-4.66,-4.9,1.117538859252391
3.17,-0.66,-0.13463138877108796
-1.75,-0.05,-5.896537323991991
4.69,-4.23,2.7826836368937564
-4.76,4.34,-2.1805764462267665
3.98,0.87,-2.8768774125907783
1.63,1.59,-0.11501309785269331
-2.34,1.97,1.6755378653719855
1.39,-3.26,-5.86087786683547
-4.31,1.6,-0.16120379775407284
0.51,-4.12,-1.6354265856025862
-2.56,-0.57,-2.7750172658321492
-4.41,-0.59,4.759434293227296
2.86,-3.01,-1.6529002346394426
3.04,1.36,0.1273233849256799
-4.15,-0.13,5.03307120414129
1.1,3.38,-5.195999074218288
3.33,-3.51,1.0483654995513205
-0.75,2.63,3.566194544905477
-1.56,4.61,0.6132253088877111
2.72,-4.67,-0.10404586322238239
-1.74,-3.22,5.896144631974346
1.0,-1.72,-0.7505115068983669
-3.4,-2.58,-1.2977522616999053
0.88,-4.94,1.0435070920559022
3.48,0.57,-1.676991922214792
3.61,4.28,1.135096265225271
1.82,1.98,-2.3135282926708953
4.14,-2.75,4.661863627213568
-4.47,-1.03,2.9986159139578787
2.78,4.46,-0.5300478719007098
-1.7,1.3,-1.5916150511055527
4.38,2.12,2.9606179503238237
-1.67,4.66,0.3126453520789619
-2.01,3.21,5.417842043688746
0.24,0.74,1.0532154956633024
0.55,1.96,-1.1900075486998127
-4.67,2.45,-4.6172362320956655
-3.93,0.86,2.776374795392779
-0.06,3.72,0.30125955267275756
4.0,3.67,3.921498282619461
-3.41,0.89,1.0015058616761197
-0.3,0.25,-1.717999194604012
2.38,-2.36,-2.938860519962557
2.31,-0.04,4.430484915960293
4.78,4.03,3.775247737020128
0.22,0.36,1.225442466442911
1.28,4.58,-0.7587634624532779
1.82,3.35,-5.688835404363355
1.37,3.35,-5.752226974835503
3.92,-1.48,-0.38198846766485006
3.7,-3.62,2.8221062456042234
-2.01,-0.79,-3.8222625194249176
1.57,-1.05,2.985425340766726
-1.56,-2.95,5.889869937718931
-4.99,0.97,3.261935120508177
-0.37,2.48,1.711919451876793
-2.28,3.92,3.2420873524100116
-3.02,0.33,-0.6884913314601797
4.83,-3.87,4.446482395149543
-1.31,4.1,3.3323174818025247
1.96,-3.88,-4.105394055056163
-4.14,3.99,-3.334758890771716
4.9,-3.8,4.662529770430855
-4.41,4.02,-3.6564793788448204
1.42,2.13,-3.1469458149224896
-1.62,1.16,-2.3931373567999885
0.99,2.47,-3.9268056109218317
-4.82,-1.31,1.5381510243615877
-4.75,2.51,-4.839104392422766
-2.29,-1.99,1.8373411618651971
-1.16,-4.91,-1.079961458414876
-3.99,-4.67,-0.1907513468732764
2.17,-3.1,-4.950424879079946
-3.04,-2.42,0.45684012137505403
2.16,0.62,4.059870527719865
1.79,3.82,-4.5596558592907375
-3.38,-0.93,0.8470900548633598
-1.64,-1.3,-1.6011512305877542
2.83,4.56,-0.27922823731292434
3.39,4.31,0.5776998415219038
-0.31,2.72,1.6700832141895237
4.98,-1.64,0.40012280781192194
4.6,0.18,-5.865819759030494
3.88,-4.74,-0.11149750664777924
-4.21,-4.79,0.4077163546503511
-0.35,1.37,-0.4103452321660153
-4.96,2.89,-5.63386840891499
3.09,-3.69,-0.264044196798409
4.04,-4.6,0.5264456934449866
-2.89,-1.96,0.5667797852488078
-4.32,-2.57,-4.662719023401549
-0.85,1.75,0.8034766134180574
2.45,0.19,3.7577258310263217
-4.78,1.18,2.280327028100662
2.01,-0.55,4.629671399516314
3.08,2.45,-0.28446358180389364
4.67,-2.56,5.009029115126872
-0.35,1.74,0.346458694096992
2.52,-0.83,2.3580050382621565
1.24,3.5,-5.314114506102934
3.03,-2.4,-0.4927022441564314
3.63,-0.42,-2.5706377816417283
-1.12,0.94,-3.185210772725395
4.25,-4.79,-0.41634794931795355
2.04,-1.31,1.3799029899908941
-1.93,4.26,2.455304672188528
0.56,4.72,0.02425697723747202
-2.94,-1.01,-0.6389667846893823
-2.04,2.51,4.319190431646914
-0.59,-4.15,1.779939413609305
1.74,-1.72,-0.8791670772289114
0.72,4.6,-0.4437099431030577
-1.68,-2.67,5.313235668476908
