X1,X2,val_esp
0.97,0.51,4.31948685450948
0.39,0.61,1.8697240851810817
0.38,-4.93,0.48048504081360105
-0.58,-4.29,1.347943696890593
-0.71,0.67,-3.065528593676981
-0.01,3.34,0.058821924391489686
3.26,4.19,0.35364970483557945
-0.65,1.44,-0.47358393308401436
1.21,-3.52,-5.216550624184427
-4.47,2.53,-4.768804838222968
-1.0,1.41,-0.8083387962962049
-1.49,-0.51,-5.219384391952957
-0.56,1.39,-0.5730850316817201
-2.39,-3.86,3.084310698975413
4.4,1.53,-0.23286660768663153
-2.08,3.66,4.550469272688506
-2.18,1.78,1.0219200555919472
2.35,-3.58,-3.8651311662705776
-1.32,1.99,2.3657952812423337
-2.39,1.3,-1.0958943722852414
-0.27,4.01,1.0339199295481065
-3.09,3.89,0.22673377507376863
-1.79,2.54,4.828243874004629
-3.76,4.41,-1.0358819209297472
1.93,-1.54,0.1729575444020477
2.56,-1.37,0.6574127311433415
2.81,-0.75,1.4292049460146719
-2.7,4.57,0.36389256684426136
-4.26,-0.75,3.948509561229259
1.68,1.94,-2.1523394001634593
-0.13,-0.12,-0.7722113777660687
-3.56,2.19,-1.4148869516980678
-4.72,4.04,-3.737032245418539
1.34,-4.57,-0.8288733397250799
-4.63,-2.99,-5.9110720131425625
0.96,-2.4,-3.6244002857371984
-0.62,0.22,-3.4021843868385293
1.18,0.59,4.609756487102488
-1.47,-3.94,4.165837745985268
-3.56,3.32,-2.3991398769836336
3.52,1.5,-0.15679931753322088
3.59,-4.98,-0.6878268705876698
2.81,-1.59,-0.03750815271134528
1.8,-0.86,3.8122480960063787
-0.54,2.85,2.9545973470323235
4.49,0.21,-5.723671554541519
-3.45,0.78,1.2947506243988887
4.4,1.03,-2.939416083304889
0.98,-4.15,-2.6569708188729075
-2.75,4.11,1.2975234953850427
-0.56,-0.89,-2.0060098879281605
1.72,1.54,0.18269615260201957
-3.16,-3.01,-0.10948301523039662
-4.5,-2.43,-4.4418348942631525
3.46,1.37,-0.37463162748096834
1.72,-2.13,-3.1477033951487705
-3.62,4.24,-1.2568401874576514
-4.68,-4.66,-0.3140253294241622
-3.49,-4.4,-0.6295430072650994
-3.64,0.34,2.7039744992625696
0.86,-0.71,3.4483134462163014
0.64,-0.25,3.471780487949956
-0.14,-2.61,0.7217176898009192
-3.35,-2.91,-1.2082687052208616
2.2,4.63,-0.3992151665040191
4.5,-3.11,5.862253943435554
-3.1,0.26,-0.24109881275835704
-1.0,3.83,3.8990003369683746
2.43,4.6,-0.43944102288238146
-3.31,4.81,0.09800911683288957
-3.6,2.87,-2.5577987760950287
2.53,-0.2,3.3763615951777184
-1.15,3.29,5.416384086629886
3.91,-4.61,0.4262108936977124
3.29,2.0,0.3691967521229247
1.7,3.39,-5.76735527251393
4.22,4.24,2.405771389704807
0.22,2.54,-1.0794972138155874
-0.92,1.74,0.8038636943896519
3.07,3.41,-0.41382173112081255
-3.2,1.96,-0.1329010304495527
3.13,1.98,-0.027674211863086235
-2.84,-4.14,0.9653400586267796
-0.56,1.39,-0.5730850316817201
3.98,-0.9,-2.7732972297952707
-2.28,1.78,0.9456306334595824
2.8,2.15,-1.1001499909973442
1.8,0.31,5.564566745033856
1.27,-0.62,4.66401606180201
2.3,2.04,-2.023140725583263
0.84,1.74,-0.7523760062155865
4.27,-1.87,1.5982999110986784
-2.29,-0.76,-3.2718977625117396
3.77,2.68,3.158007060943333
-4.79,0.23,5.824412647918495
3.45,1.82,0.4491788667042847
4.24,0.52,-4.636673569679104
3.82,-1.32,-0.9344607208732615
4.58,1.23,-1.9878776207646147
-2.76,-0.14,-2.2125329148774635
